Lunit = 1.000000 m
Munit = 1.000000 kg
Tunit = 1.000000 s
#-------------------------------------------------------------------------------
g = 9.800000
rho = 1.086000
#-------------------------------------------------------------------------------
13.962672 -0.389191 0.000000 0.214857 0.668081 0.563763 1.049633 0.000000 0.001219 0.000000
