Lunit = 1.000000 m
Munit = 1.000000 kg
Tunit = 1.000000 s
#-------------------------------------------------------------------------------
g = 9.800000
rho = 1.086000
#-------------------------------------------------------------------------------
13.723873 -0.141821 0.000000 0.141563 0.518155 0.466499 0.950126 0.000000 -0.014383 0.000000
